0.000000000000000000e+00 2.681307151107835018e+00 0.000000000000000000e+00
7.812500000000000000e+00 2.682099754138712822e+00 -2.145051005636388342e-01
1.562500000000000000e+01 2.684480444219989881e+00 -4.292871334844310938e-01
2.343750000000000000e+01 2.688457891326874627e+00 -6.446241104527596910e-01
3.125000000000000000e+01 2.694046635928397659e+00 -8.607962105527876551e-01
3.906250000000000000e+01 2.701267226443171854e+00 -1.078086885839492526e+00
4.687500000000000000e+01 2.710146415116207574e+00 -1.296783993605172602e+00
5.468750000000000000e+01 2.720717415870189004e+00 -1.517180964693224388e+00
6.250000000000000000e+01 2.733020228877142799e+00 -1.739578017829776391e+00
7.031250000000000000e+01 2.747102037939028296e+00 -1.964283430476434056e+00
7.812500000000000000e+01 2.763017688273598615e+00 -2.191614877664469496e+00
8.593750000000000000e+01 2.780830254073999530e+00 -2.421900851001568711e+00
9.375000000000000000e+01 2.800611707269042405e+00 -2.655482171409959236e+00
1.015625000000000000e+02 2.822443701355358492e+00 -2.892713610404272995e+00
1.093750000000000000e+02 2.846418487093141714e+00 -3.133965636294368196e+00
1.171875000000000000e+02 2.872639980388183023e+00 -3.379626303745243199e+00
1.250000000000000000e+02 2.901225006954196051e+00 -3.630103307129478374e+00
1.328125000000000000e+02 2.932304753586199908e+00 -3.885826220964722300e+00
1.406250000000000000e+02 2.966026462321272206e+00 -4.147248953441637020e+00
1.484375000000000000e+02 3.002555411726883783e+00 -4.414852442878409278e+00
1.562500000000000000e+02 3.042077239506987052e+00 -4.689147630809316070e+00
1.640625000000000000e+02 3.084800673066800503e+00 -4.970678750509355481e+00
1.718750000000000000e+02 3.130960750408924298e+00 -5.260026975130021043e+00
1.796875000000000000e+02 3.180822633691490431e+00 -5.557814476470174903e+00
1.875000000000000000e+02 3.234686143322835772e+00 -5.864708953079850851e+00
1.953125000000000000e+02 3.292891173345706690e+00 -6.181428695496548720e+00
2.031250000000000000e+02 3.355824191524191757e+00 -6.508748267398581255e+00
2.109375000000000000e+02 3.423926083349670968e+00 -6.847504893810259397e+00
2.187500000000000000e+02 3.497701672731762468e+00 -7.198605663006937050e+00
2.265625000000000000e+02 3.577731350008523492e+00 -7.563035666035726301e+00
2.343750000000000000e+02 3.664685369319256036e+00 -7.941867219397086508e+00
2.421875000000000000e+02 3.759341555611011021e+00 -8.336270341203601220e+00
2.500000000000000000e+02 3.862607405892737766e+00 -8.747524681193191043e+00
2.578125000000000000e+02 3.975547908221282345e+00 -9.177033140626914332e+00
2.656250000000000000e+02 4.099420877677198760e+00 -9.626337460572893079e+00
2.734375000000000000e+02 4.235722285623285011e+00 -1.009713610817406249e+01
2.812500000000000000e+02 4.386245035973687756e+00 -1.059130485107957398e+01
2.890625000000000000e+02 4.553156075706395356e+00 -1.111092048321955694e+01
2.968750000000000000e+02 4.739098865626120372e+00 -1.165828825183800532e+01
3.046875000000000000e+02 4.947331488973546243e+00 -1.223597363967163787e+01
3.125000000000000000e+02 5.181915722264941238e+00 -1.284683927938363901e+01
3.203125000000000000e+02 5.447980407197128727e+00 -1.349408792369444932e+01
3.281250000000000000e+02 5.752095518105253547e+00 -1.418131256644202942e+01
3.359375000000000000e+02 6.102815202372215531e+00 -1.491255500993348271e+01
3.437500000000000000e+02 6.511485948727433026e+00 -1.569237440284751806e+01
3.515625000000000000e+02 6.993484043380014725e+00 -1.652592752891303718e+01
3.593750000000000000e+02 7.570173804722678312e+00 -1.741906290138900104e+01
3.671875000000000000e+02 8.272128406148253177e+00 -1.837843099354268261e+01
3.750000000000000000e+02 9.144676237458655876e+00 -1.941161317559812005e+01
3.828125000000000000e+02 1.025799771340485300e+01 -2.052727206655614367e+01
3.906250000000000000e+02 1.172681419512551315e+01 -2.173532593029111126e+01
3.984375000000000000e+02 1.375229282303576817e+01 -2.304714925095902345e+01
4.062500000000000000e+02 1.672216961789781209e+01 -2.447580038624591481e+01
4.140625000000000000e+02 2.149184794395004872e+01 -2.603627468629177244e+01
4.218750000000000000e+02 3.039253384137710157e+01 -2.774577683649488336e+01
4.296875000000000000e+02 5.282194332942129478e+01 -2.962399813106162227e+01
4.375000000000000000e+02 2.156615505524899561e+02 -3.169337097593772157e+01
4.453125000000000000e+02 1.005765008287967675e+02 1.460207485514221162e+02
4.531250000000000000e+02 4.041316050909463797e+01 1.434900522082879490e+02
4.609375000000000000e+02 2.520730026005547586e+01 1.406835351675276229e+02
4.687500000000000000e+02 1.832246949952972415e+01 1.375682299093704728e+02
4.765625000000000000e+02 1.443908669691682434e+01 1.341106876839356232e+02
4.843750000000000000e+02 1.198783603170107703e+01 1.302795407464640220e+02
4.921875000000000000e+02 1.034381269572887518e+01 1.260494792141106899e+02
5.000000000000000000e+02 9.213138975693993871e+00 1.214068191452177672e+02
5.078125000000000000e+02 8.444091820731449261e+00 1.163563985758100046e+02
5.156250000000000000e+02 7.956024420199297786e+00 1.109287393758542208e+02
5.234375000000000000e+02 7.709348561836931957e+00 1.051854005572042325e+02
5.312500000000000000e+02 7.692864042873053698e+00 9.921977366963346867e+01
5.390625000000000000e+02 7.920610933809263621e+00 9.315108538985543873e+01
5.468750000000000000e+02 8.436953341338357504e+00 8.711155092207438599e+01
5.546875000000000000e+02 9.333858475850732361e+00 8.122967606066428914e+01
5.625000000000000000e+02 1.079444888449437556e+01 7.561468589565728848e+01
5.703125000000000000e+02 1.320855513078870125e+01 7.034646200248764103e+01
5.781250000000000000e+02 1.753812044708365647e+01 6.547266456551209046e+01
5.859375000000000000e+02 2.690224043084117866e+01 6.101184790584317597e+01
5.937500000000000000e+02 6.005165947927927306e+01 5.695991415684277115e+01
6.015625000000000000e+02 2.393954512817196587e+02 -1.267026455046857478e+02
6.093750000000000000e+02 3.989716051827940646e+01 -1.300043557597664972e+02
6.171875000000000000e+02 2.181266762717849517e+01 -1.329778811257939140e+02
6.250000000000000000e+02 1.505574222690378683e+01 -1.356566990398802091e+02
6.328125000000000000e+02 1.152912097354909093e+01 -1.380730500119136934e+02
6.406250000000000000e+02 9.365480471170176457e+00 -1.402568184709510604e+02
6.484375000000000000e+02 7.903029956499822539e+00 -1.422350350276632014e+02
6.562500000000000000e+02 6.848163573470381849e+00 -1.440317639013124165e+02
6.640625000000000000e+02 6.050842826746022141e+00 -1.456682110479639221e+02
6.718750000000000000e+02 5.426493881246257089e+00 -1.471629457764932170e+02
6.796875000000000000e+02 4.923864845785055344e+00 -1.485321696761947976e+02
6.875000000000000000e+02 4.510114191223324909e+00 -1.497899941989611250e+02
6.953125000000000000e+02 4.163240882524628539e+00 -1.509487058268505564e+02
7.031250000000000000e+02 3.867961004952233495e+00 -1.520190085539123288e+02
7.109375000000000000e+02 3.613330593228303744e+00 -1.530102397813452626e+02
7.187500000000000000e+02 3.391309573032599722e+00 -1.539305593049892309e+02
7.265625000000000000e+02 3.195859518354450479e+00 -1.547871129499366987e+02
7.343750000000000000e+02 3.022357521951928305e+00 -1.555861732702013001e+02
7.421875000000000000e+02 2.867204277611942409e+00 -1.563332600138119517e+02
7.500000000000000000e+02 2.727555341044960446e+00 -1.570332430202807927e+02
7.578125000000000000e+02 2.601132721925448532e+00 -1.576904300244984256e+02
7.656250000000000000e+02 2.486090166526615963e+00 -1.583086415791208879e+02
7.734375000000000000e+02 2.380915117719825780e+00 -1.588912750299926131e+02
7.812500000000000000e+02 2.284356225204730695e+00 -1.594413592102113171e+02
7.890625000000000000e+02 2.195368971164214145e+00 -1.599616012746291744e+02
7.968750000000000000e+02 2.113074346941491211e+00 -1.604544268791819377e+02
8.046875000000000000e+02 2.036727070043931942e+00 -1.609220147223608990e+02
8.125000000000000000e+02 1.965690868691232440e+00 -1.613663263058075472e+02
8.203125000000000000e+02 1.899419066579804527e+00 -1.617891316345460098e+02
8.281250000000000000e+02 1.837439187607073254e+00 -1.621920314635202942e+02
8.359375000000000000e+02 1.779340641603810447e+00 -1.625764766003493094e+02
8.437500000000000000e+02 1.724764794453502281e+00 -1.629437846940834334e+02
8.515625000000000000e+02 1.673396900252742681e+00 -1.632951548724246891e+02
8.593750000000000000e+02 1.624959499912053351e+00 -1.636316805331368300e+02
8.671875000000000000e+02 1.579206983811041853e+00 -1.639543605489818390e+02
8.750000000000000000e+02 1.535921085328808555e+00 -1.642641091050364537e+02
8.828125000000000000e+02 1.494907124001257470e+00 -1.645617643554282665e+02
8.906250000000000000e+02 1.455990856307590731e+00 -1.648480960577414862e+02
8.984375000000000000e+02 1.419015822045940345e+00 -1.651238123206264561e+02
9.062500000000000000e+02 1.383841097292761058e+00 -1.653895655801497071e+02
9.140625000000000000e+02 1.350339382762371532e+00 -1.656459579040861172e+02
9.218750000000000000e+02 1.318395370325568638e+00 -1.658935457093448633e+02
9.296875000000000000e+02 1.287904341337537062e+00 -1.661328439655495686e+02
9.375000000000000000e+02 1.258770959093742148e+00 -1.663643299480436895e+02
9.453125000000000000e+02 1.230908224566854559e+00 -1.665884465948288664e+02
9.531250000000000000e+02 1.204236570089795233e+00 -1.668056055149325232e+02
9.609375000000000000e+02 1.178683070048074155e+00 -1.670161896887496766e+02
9.687500000000000000e+02 1.154180751210611700e+00 -1.672205558965939360e+02
9.765625000000000000e+02 1.130667988232154419e+00 -1.674190369059390946e+02
9.843750000000000000e+02 1.108087972212611128e+00 -1.676119434451954362e+02
9.921875000000000000e+02 1.086388242144370908e+00 -1.677995659870221630e+02
1.000000000000000000e+03 1.065520270662987601e+00 -1.679821763625701294e+02
1.007812500000000000e+03 1.045439096847506466e+00 -1.681600292245919093e+02
1.015625000000000000e+03 1.026102999894839884e+00 -1.683333633756466838e+02
1.023437500000000000e+03 1.007473208422077438e+00 -1.685024029756364428e+02
1.031250000000000000e+03 9.895136408938534078e-01 -1.686673586408280414e+02
1.039062500000000000e+03 9.721906733289581437e-01 -1.688284284459820697e+02
1.046875000000000000e+03 9.554729309659726333e-01 -1.689857988388517356e+02
1.054687500000000000e+03 9.393311010312055398e-01 -1.691396454762156054e+02
1.062500000000000000e+03 9.237377641338719858e-01 -1.692901339886260814e+02
1.070312500000000000e+03 9.086672421419095258e-01 -1.694374206815051878e+02
1.078125000000000000e+03 8.940954606747988365e-01 -1.695816531778967544e+02
1.085937500000000000e+03 8.799998245818960729e-01 -1.697229710089968648e+02
1.093750000000000000e+03 8.663591049890488893e-01 -1.698615061570156399e+02
1.101562500000000000e+03 8.531533366653326622e-01 -1.699973835548733234e+02
1.109375000000000000e+03 8.403637246157669161e-01 -1.701307215467276990e+02
1.117187500000000000e+03 8.279725589391543350e-01 -1.702616323125412521e+02
1.125000000000000000e+03 8.159631371030287017e-01 -1.703902222605012184e+02
1.132812500000000000e+03 8.043196928832583303e-01 -1.705165923892972728e+02
1.140625000000000000e+03 7.930273313085083320e-01 -1.706408386237090724e+02
1.148437500000000000e+03 7.820719690166464400e-01 -1.707630521250851245e+02
1.156250000000000000e+03 7.714402795037055283e-01 -1.708833195793145876e+02
1.164062500000000000e+03 7.611196427976870682e-01 -1.710017234640828292e+02
1.171875000000000000e+03 7.510980991414940577e-01 -1.711183422968453272e+02
1.179687500000000000e+03 7.413643063155239687e-01 -1.712332508654799597e+02
1.187500000000000000e+03 7.319075002658226303e-01 -1.713465204428244135e+02
1.195312500000000000e+03 7.227174587419930019e-01 -1.714582189864777604e+02
1.203125000000000000e+03 7.137844676773938968e-01 -1.715684113248233587e+02
1.210937500000000000e+03 7.050992900689266873e-01 -1.716771593307555861e+02
1.218750000000000000e+03 6.966531371462149069e-01 -1.717845220835531279e+02
1.226562500000000000e+03 6.884376416260548082e-01 -1.718905560203753851e+02
1.234375000000000000e+03 6.804448328848093919e-01 -1.719953150775488950e+02
1.242187500000000000e+03 6.726671138854742882e-01 -1.720988508231222625e+02
1.250000000000000000e+03 6.650972397137693282e-01 -1.722012125806265033e+02
1.257812500000000000e+03 6.577282975984962698e-01 -1.723024475451329067e+02
1.265625000000000000e+03 6.505536882876445937e-01 -1.724026008922337780e+02
1.273437500000000000e+03 6.435671086848389066e-01 -1.725017158798313517e+02
1.281250000000000000e+03 6.367625356372428325e-01 -1.725998339444931560e+02
1.289062500000000000e+03 6.301342107923603164e-01 -1.726969947908986001e+02
1.296875000000000000e+03 6.236766264393038828e-01 -1.727932364769649212e+02
1.304687500000000000e+03 6.173845122587793277e-01 -1.728885954932512163e+02
1.312500000000000000e+03 6.112528229211720010e-01 -1.729831068379760666e+02
1.320312500000000000e+03 6.052767264590266372e-01 -1.730768040875609302e+02
1.328125000000000000e+03 5.994515933658989271e-01 -1.731697194632828314e+02
1.335937500000000000e+03 5.937729863682057463e-01 -1.732618838939359591e+02
1.343750000000000000e+03 5.882366508167307106e-01 -1.733533270750964164e+02
1.351562500000000000e+03 5.828385056625103866e-01 -1.734440775251570699e+02
1.359375000000000000e+03 5.775746349657612244e-01 -1.735341626378356636e+02
1.367187500000000000e+03 5.724412799114974026e-01 -1.736236087324265895e+02
1.375000000000000000e+03 5.674348312896767554e-01 -1.737124411009720006e+02
1.382812500000000000e+03 5.625518224124965716e-01 -1.738006840529209285e+02
1.390625000000000000e+03 5.577889224377701183e-01 -1.738883609574330649e+02
1.398437500000000000e+03 5.531429300705439367e-01 -1.739754942836378859e+02
1.406250000000000000e+03 5.486107676229684538e-01 -1.740621056386432883e+02
1.414062500000000000e+03 5.441894754013973934e-01 -1.741482158034976067e+02
1.421875000000000000e+03 5.398762064070136146e-01 -1.742338447676081614e+02
1.429687500000000000e+03 5.356682213250859581e-01 -1.743190117611140693e+02
1.437500000000000000e+03 5.315628837882192537e-01 -1.744037352859594137e+02
1.445312500000000000e+03 5.275576558925659798e-01 -1.744880331451172992e+02
1.453125000000000000e+03 5.236500939551322897e-01 -1.745719224707080173e+02
1.460937500000000000e+03 5.198378444954457889e-01 -1.746554197504251249e+02
1.468750000000000000e+03 5.161186404276648654e-01 -1.747385408530718962e+02
1.476562500000000000e+03 5.124902974525975541e-01 -1.748213010525313109e+02
1.484375000000000000e+03 5.089507106337772813e-01 -1.749037150508503657e+02
1.492187500000000000e+03 5.054978511515983985e-01 -1.749857970002433945e+02
1.500000000000000000e+03 5.021297632214941631e-01 -1.750675605239784716e+02
1.507812500000000000e+03 4.988445611688118730e-01 -1.751490187364128985e+02
1.515625000000000000e+03 4.956404266486935661e-01 -1.752301842621075707e+02
1.523437500000000000e+03 4.925156060063948793e-01 -1.753110692541318372e+02
1.531250000000000000e+03 4.894684077675669487e-01 -1.753916854114774253e+02
1.539062500000000000e+03 4.864972002504580062e-01 -1.754720439959257874e+02
1.546875000000000000e+03 4.836004092983349767e-01 -1.755521558479115640e+02
1.554687500000000000e+03 4.807765161184077707e-01 -1.756320314020300941e+02
1.562500000000000000e+03 4.780240552261016962e-01 -1.757116807015979987e+02
1.570312500000000000e+03 4.753416124889058847e-01 -1.757911134129114998e+02
1.578125000000000000e+03 4.727278232624742005e-01 -1.758703388387434927e+02
1.585937500000000000e+03 4.701813706162150663e-01 -1.759493659313669980e+02
1.593750000000000000e+03 4.677009836410805921e-01 -1.760282033050715711e+02
1.601562500000000000e+03 4.652854358389219014e-01 -1.761068592481006192e+02
1.609375000000000000e+03 4.629335435846532731e-01 -1.761853417344016179e+02
1.617187500000000000e+03 4.606441646632200571e-01 -1.762636584346291500e+02
1.625000000000000000e+03 4.584161968717203051e-01 -1.763418167269316541e+02
1.632812500000000000e+03 4.562485766874639359e-01 -1.764198237072507709e+02
1.640625000000000000e+03 4.541402779975680648e-01 -1.764976861993395403e+02
1.648437500000000000e+03 4.520903108864156028e-01 -1.765754107643885789e+02
1.656250000000000000e+03 4.500977204788335628e-01 -1.766530037102916140e+02
1.664062500000000000e+03 4.481615858364116356e-01 -1.767304711007008962e+02
1.671875000000000000e+03 4.462810189052950904e-01 -1.768078187635574636e+02
1.679687500000000000e+03 4.444551635089512565e-01 -1.768850522997026076e+02
1.687500000000000000e+03 4.426831943910269906e-01 -1.769621770908778160e+02
1.695312500000000000e+03 4.409643162985419362e-01 -1.770391983076916631e+02
1.703125000000000000e+03 4.392977631095753011e-01 -1.771161209171853841e+02
1.710937500000000000e+03 4.376827969974793064e-01 -1.771929496902790788e+02
1.718750000000000000e+03 4.361187076382870287e-01 -1.772696892090105223e+02
1.726562500000000000e+03 4.346048114492936931e-01 -1.773463438735504383e+02
1.734375000000000000e+03 4.331404508672618836e-01 -1.774229179089860793e+02
1.742187500000000000e+03 4.317249936572777336e-01 -1.774994153717272241e+02
1.750000000000000000e+03 4.303578322534430400e-01 -1.775758401563474536e+02
1.757812500000000000e+03 4.290383831333959841e-01 -1.776521960015346053e+02
1.765625000000000000e+03 4.277660862198173763e-01 -1.777284864964699409e+02
1.773437500000000000e+03 4.265404043113107391e-01 -1.778047150865210710e+02
1.781250000000000000e+03 4.253608225390870246e-01 -1.778808850792948704e+02
1.789062500000000000e+03 4.242268478549298116e-01 -1.779569996502402773e+02
1.796875000000000000e+03 4.231380085351553744e-01 -1.780330618482505827e+02
1.804687500000000000e+03 4.220938537205779495e-01 -1.781090746010932548e+02
1.812500000000000000e+03 4.210939529693699668e-01 -1.781850407207422791e+02
1.820312500000000000e+03 4.201378958407290809e-01 -1.782609629087763494e+02
1.828125000000000000e+03 4.192252914941832498e-01 -1.783368437612022319e+02
1.835937500000000000e+03 4.183557683160238350e-01 -1.784126857737298621e+02
1.843750000000000000e+03 4.175289735606192432e-01 -1.784884913466606520e+02
1.851562500000000000e+03 4.167445730146093763e-01 -1.785642627898855608e+02
1.859375000000000000e+03 4.160022506839096690e-01 -1.786400023273164948e+02
1.867187500000000000e+03 4.153017084882024146e-01 -1.787157121019570525e+02
1.875000000000000000e+03 4.146426659881215504e-01 -1.787913941802866304e+02
1.882812500000000000e+03 4.140248601190001931e-01 -1.788670505572759737e+02
1.890625000000000000e+03 4.134480449485328224e-01 -1.789426831603128107e+02
1.898437500000000000e+03 4.129119914449922990e-01 -1.790182938541263979e+02
1.906250000000000000e+03 4.124164872716697960e-01 -1.790938844448942007e+02
1.914062500000000000e+03 4.119613365846446773e-01 -1.791694566846614123e+02
1.921875000000000000e+03 4.115463598550945790e-01 -1.792450122761966895e+02
1.929687500000000000e+03 4.111713937114853112e-01 -1.793205528765960821e+02
1.937500000000000000e+03 4.108362907810174103e-01 -1.793960801013684545e+02
1.945312500000000000e+03 4.105409195602217065e-01 -1.794715955296018990e+02
1.953125000000000000e+03 4.102851642960741452e-01 -1.795471007072502800e+02
1.960937500000000000e+03 4.100689248775727935e-01 -1.796225971517290532e+02
1.968750000000000000e+03 4.098921167517257103e-01 -1.796980863559418538e+02
1.976562500000000000e+03 4.097546708378598246e-01 -1.797735697923899636e+02
1.984375000000000000e+03 4.096565334744813880e-01 -1.798490489172222340e+02
1.992187500000000000e+03 4.095976663657925898e-01 -1.799245251745256837e+02
-2.000000000000000000e+03 4.095780465465208575e-01 1.800000000000000000e+02
-1.992187500000000000e+03 4.095976663657925898e-01 1.799245251745256837e+02
-1.984375000000000000e+03 4.096565334744813880e-01 1.798490489172222340e+02
-1.976562500000000000e+03 4.097546708378598246e-01 1.797735697923899636e+02
-1.968750000000000000e+03 4.098921167517257103e-01 1.796980863559418538e+02
-1.960937500000000000e+03 4.100689248775727935e-01 1.796225971517290532e+02
-1.953125000000000000e+03 4.102851642960741452e-01 1.795471007072502800e+02
-1.945312500000000000e+03 4.105409195602217065e-01 1.794715955296018990e+02
-1.937500000000000000e+03 4.108362907810174103e-01 1.793960801013684545e+02
-1.929687500000000000e+03 4.111713937114853112e-01 1.793205528765960821e+02
-1.921875000000000000e+03 4.115463598550945790e-01 1.792450122761966895e+02
-1.914062500000000000e+03 4.119613365846446773e-01 1.791694566846614123e+02
-1.906250000000000000e+03 4.124164872716697960e-01 1.790938844448942007e+02
-1.898437500000000000e+03 4.129119914449922990e-01 1.790182938541263979e+02
-1.890625000000000000e+03 4.134480449485328224e-01 1.789426831603128107e+02
-1.882812500000000000e+03 4.140248601190001931e-01 1.788670505572759737e+02
-1.875000000000000000e+03 4.146426659881215504e-01 1.787913941802866304e+02
-1.867187500000000000e+03 4.153017084882024146e-01 1.787157121019570525e+02
-1.859375000000000000e+03 4.160022506839096690e-01 1.786400023273164948e+02
-1.851562500000000000e+03 4.167445730146093763e-01 1.785642627898855608e+02
-1.843750000000000000e+03 4.175289735606192432e-01 1.784884913466606520e+02
-1.835937500000000000e+03 4.183557683160238350e-01 1.784126857737298621e+02
-1.828125000000000000e+03 4.192252914941832498e-01 1.783368437612022319e+02
-1.820312500000000000e+03 4.201378958407290809e-01 1.782609629087763494e+02
-1.812500000000000000e+03 4.210939529693699668e-01 1.781850407207422791e+02
-1.804687500000000000e+03 4.220938537205779495e-01 1.781090746010932548e+02
-1.796875000000000000e+03 4.231380085351553744e-01 1.780330618482505827e+02
-1.789062500000000000e+03 4.242268478549298116e-01 1.779569996502402773e+02
-1.781250000000000000e+03 4.253608225390870246e-01 1.778808850792948704e+02
-1.773437500000000000e+03 4.265404043113107391e-01 1.778047150865210710e+02
-1.765625000000000000e+03 4.277660862198173763e-01 1.777284864964699409e+02
-1.757812500000000000e+03 4.290383831333959841e-01 1.776521960015346053e+02
-1.750000000000000000e+03 4.303578322534430400e-01 1.775758401563474536e+02
-1.742187500000000000e+03 4.317249936572777336e-01 1.774994153717272241e+02
-1.734375000000000000e+03 4.331404508672618836e-01 1.774229179089860793e+02
-1.726562500000000000e+03 4.346048114492936931e-01 1.773463438735504383e+02
-1.718750000000000000e+03 4.361187076382870287e-01 1.772696892090105223e+02
-1.710937500000000000e+03 4.376827969974793064e-01 1.771929496902790788e+02
-1.703125000000000000e+03 4.392977631095753011e-01 1.771161209171853841e+02
-1.695312500000000000e+03 4.409643162985419362e-01 1.770391983076916631e+02
-1.687500000000000000e+03 4.426831943910269906e-01 1.769621770908778160e+02
-1.679687500000000000e+03 4.444551635089512565e-01 1.768850522997026076e+02
-1.671875000000000000e+03 4.462810189052950904e-01 1.768078187635574636e+02
-1.664062500000000000e+03 4.481615858364116356e-01 1.767304711007008962e+02
-1.656250000000000000e+03 4.500977204788335628e-01 1.766530037102916140e+02
-1.648437500000000000e+03 4.520903108864156028e-01 1.765754107643885789e+02
-1.640625000000000000e+03 4.541402779975680648e-01 1.764976861993395403e+02
-1.632812500000000000e+03 4.562485766874639359e-01 1.764198237072507709e+02
-1.625000000000000000e+03 4.584161968717203051e-01 1.763418167269316541e+02
-1.617187500000000000e+03 4.606441646632200571e-01 1.762636584346291500e+02
-1.609375000000000000e+03 4.629335435846532731e-01 1.761853417344016179e+02
-1.601562500000000000e+03 4.652854358389219014e-01 1.761068592481006192e+02
-1.593750000000000000e+03 4.677009836410805921e-01 1.760282033050715711e+02
-1.585937500000000000e+03 4.701813706162150663e-01 1.759493659313669980e+02
-1.578125000000000000e+03 4.727278232624742005e-01 1.758703388387434927e+02
-1.570312500000000000e+03 4.753416124889058847e-01 1.757911134129114998e+02
-1.562500000000000000e+03 4.780240552261016962e-01 1.757116807015979987e+02
-1.554687500000000000e+03 4.807765161184077707e-01 1.756320314020300941e+02
-1.546875000000000000e+03 4.836004092983349767e-01 1.755521558479115640e+02
-1.539062500000000000e+03 4.864972002504580062e-01 1.754720439959257874e+02
-1.531250000000000000e+03 4.894684077675669487e-01 1.753916854114774253e+02
-1.523437500000000000e+03 4.925156060063948793e-01 1.753110692541318372e+02
-1.515625000000000000e+03 4.956404266486935661e-01 1.752301842621075707e+02
-1.507812500000000000e+03 4.988445611688118730e-01 1.751490187364128985e+02
-1.500000000000000000e+03 5.021297632214941631e-01 1.750675605239784716e+02
-1.492187500000000000e+03 5.054978511515983985e-01 1.749857970002433945e+02
-1.484375000000000000e+03 5.089507106337772813e-01 1.749037150508503657e+02
-1.476562500000000000e+03 5.124902974525975541e-01 1.748213010525313109e+02
-1.468750000000000000e+03 5.161186404276648654e-01 1.747385408530718962e+02
-1.460937500000000000e+03 5.198378444954457889e-01 1.746554197504251249e+02
-1.453125000000000000e+03 5.236500939551322897e-01 1.745719224707080173e+02
-1.445312500000000000e+03 5.275576558925659798e-01 1.744880331451172992e+02
-1.437500000000000000e+03 5.315628837882192537e-01 1.744037352859594137e+02
-1.429687500000000000e+03 5.356682213250859581e-01 1.743190117611140693e+02
-1.421875000000000000e+03 5.398762064070136146e-01 1.742338447676081614e+02
-1.414062500000000000e+03 5.441894754013973934e-01 1.741482158034976067e+02
-1.406250000000000000e+03 5.486107676229684538e-01 1.740621056386432883e+02
-1.398437500000000000e+03 5.531429300705439367e-01 1.739754942836378859e+02
-1.390625000000000000e+03 5.577889224377701183e-01 1.738883609574330649e+02
-1.382812500000000000e+03 5.625518224124965716e-01 1.738006840529209285e+02
-1.375000000000000000e+03 5.674348312896767554e-01 1.737124411009720006e+02
-1.367187500000000000e+03 5.724412799114974026e-01 1.736236087324265895e+02
-1.359375000000000000e+03 5.775746349657612244e-01 1.735341626378356636e+02
-1.351562500000000000e+03 5.828385056625103866e-01 1.734440775251570699e+02
-1.343750000000000000e+03 5.882366508167307106e-01 1.733533270750964164e+02
-1.335937500000000000e+03 5.937729863682057463e-01 1.732618838939359591e+02
-1.328125000000000000e+03 5.994515933658989271e-01 1.731697194632828314e+02
-1.320312500000000000e+03 6.052767264590266372e-01 1.730768040875609302e+02
-1.312500000000000000e+03 6.112528229211720010e-01 1.729831068379760666e+02
-1.304687500000000000e+03 6.173845122587793277e-01 1.728885954932512163e+02
-1.296875000000000000e+03 6.236766264393038828e-01 1.727932364769649212e+02
-1.289062500000000000e+03 6.301342107923603164e-01 1.726969947908986001e+02
-1.281250000000000000e+03 6.367625356372428325e-01 1.725998339444931560e+02
-1.273437500000000000e+03 6.435671086848389066e-01 1.725017158798313517e+02
-1.265625000000000000e+03 6.505536882876445937e-01 1.724026008922337780e+02
-1.257812500000000000e+03 6.577282975984962698e-01 1.723024475451329067e+02
-1.250000000000000000e+03 6.650972397137693282e-01 1.722012125806265033e+02
-1.242187500000000000e+03 6.726671138854742882e-01 1.720988508231222625e+02
-1.234375000000000000e+03 6.804448328848093919e-01 1.719953150775488950e+02
-1.226562500000000000e+03 6.884376416260548082e-01 1.718905560203753851e+02
-1.218750000000000000e+03 6.966531371462149069e-01 1.717845220835531279e+02
-1.210937500000000000e+03 7.050992900689266873e-01 1.716771593307555861e+02
-1.203125000000000000e+03 7.137844676773938968e-01 1.715684113248233587e+02
-1.195312500000000000e+03 7.227174587419930019e-01 1.714582189864777604e+02
-1.187500000000000000e+03 7.319075002658226303e-01 1.713465204428244135e+02
-1.179687500000000000e+03 7.413643063155239687e-01 1.712332508654799597e+02
-1.171875000000000000e+03 7.510980991414940577e-01 1.711183422968453272e+02
-1.164062500000000000e+03 7.611196427976870682e-01 1.710017234640828292e+02
-1.156250000000000000e+03 7.714402795037055283e-01 1.708833195793145876e+02
-1.148437500000000000e+03 7.820719690166464400e-01 1.707630521250851245e+02
-1.140625000000000000e+03 7.930273313085083320e-01 1.706408386237090724e+02
-1.132812500000000000e+03 8.043196928832583303e-01 1.705165923892972728e+02
-1.125000000000000000e+03 8.159631371030287017e-01 1.703902222605012184e+02
-1.117187500000000000e+03 8.279725589391543350e-01 1.702616323125412521e+02
-1.109375000000000000e+03 8.403637246157669161e-01 1.701307215467276990e+02
-1.101562500000000000e+03 8.531533366653326622e-01 1.699973835548733234e+02
-1.093750000000000000e+03 8.663591049890488893e-01 1.698615061570156399e+02
-1.085937500000000000e+03 8.799998245818960729e-01 1.697229710089968648e+02
-1.078125000000000000e+03 8.940954606747988365e-01 1.695816531778967544e+02
-1.070312500000000000e+03 9.086672421419095258e-01 1.694374206815051878e+02
-1.062500000000000000e+03 9.237377641338719858e-01 1.692901339886260814e+02
-1.054687500000000000e+03 9.393311010312055398e-01 1.691396454762156054e+02
-1.046875000000000000e+03 9.554729309659726333e-01 1.689857988388517356e+02
-1.039062500000000000e+03 9.721906733289581437e-01 1.688284284459820697e+02
-1.031250000000000000e+03 9.895136408938534078e-01 1.686673586408280414e+02
-1.023437500000000000e+03 1.007473208422077438e+00 1.685024029756364428e+02
-1.015625000000000000e+03 1.026102999894839884e+00 1.683333633756466838e+02
-1.007812500000000000e+03 1.045439096847506466e+00 1.681600292245919093e+02
-1.000000000000000000e+03 1.065520270662987601e+00 1.679821763625701294e+02
-9.921875000000000000e+02 1.086388242144370908e+00 1.677995659870221630e+02
-9.843750000000000000e+02 1.108087972212611128e+00 1.676119434451954362e+02
-9.765625000000000000e+02 1.130667988232154419e+00 1.674190369059390946e+02
-9.687500000000000000e+02 1.154180751210611700e+00 1.672205558965939360e+02
-9.609375000000000000e+02 1.178683070048074155e+00 1.670161896887496766e+02
-9.531250000000000000e+02 1.204236570089795233e+00 1.668056055149325232e+02
-9.453125000000000000e+02 1.230908224566854559e+00 1.665884465948288664e+02
-9.375000000000000000e+02 1.258770959093742148e+00 1.663643299480436895e+02
-9.296875000000000000e+02 1.287904341337537062e+00 1.661328439655495686e+02
-9.218750000000000000e+02 1.318395370325568638e+00 1.658935457093448633e+02
-9.140625000000000000e+02 1.350339382762371532e+00 1.656459579040861172e+02
-9.062500000000000000e+02 1.383841097292761058e+00 1.653895655801497071e+02
-8.984375000000000000e+02 1.419015822045940345e+00 1.651238123206264561e+02
-8.906250000000000000e+02 1.455990856307590731e+00 1.648480960577414862e+02
-8.828125000000000000e+02 1.494907124001257470e+00 1.645617643554282665e+02
-8.750000000000000000e+02 1.535921085328808555e+00 1.642641091050364537e+02
-8.671875000000000000e+02 1.579206983811041853e+00 1.639543605489818390e+02
-8.593750000000000000e+02 1.624959499912053351e+00 1.636316805331368300e+02
-8.515625000000000000e+02 1.673396900252742681e+00 1.632951548724246891e+02
-8.437500000000000000e+02 1.724764794453502281e+00 1.629437846940834334e+02
-8.359375000000000000e+02 1.779340641603810447e+00 1.625764766003493094e+02
-8.281250000000000000e+02 1.837439187607073254e+00 1.621920314635202942e+02
-8.203125000000000000e+02 1.899419066579804527e+00 1.617891316345460098e+02
-8.125000000000000000e+02 1.965690868691232440e+00 1.613663263058075472e+02
-8.046875000000000000e+02 2.036727070043931942e+00 1.609220147223608990e+02
-7.968750000000000000e+02 2.113074346941491211e+00 1.604544268791819377e+02
-7.890625000000000000e+02 2.195368971164214145e+00 1.599616012746291744e+02
-7.812500000000000000e+02 2.284356225204730695e+00 1.594413592102113171e+02
-7.734375000000000000e+02 2.380915117719825780e+00 1.588912750299926131e+02
-7.656250000000000000e+02 2.486090166526615963e+00 1.583086415791208879e+02
-7.578125000000000000e+02 2.601132721925448532e+00 1.576904300244984256e+02
-7.500000000000000000e+02 2.727555341044960446e+00 1.570332430202807927e+02
-7.421875000000000000e+02 2.867204277611942409e+00 1.563332600138119517e+02
-7.343750000000000000e+02 3.022357521951928305e+00 1.555861732702013001e+02
-7.265625000000000000e+02 3.195859518354450479e+00 1.547871129499366987e+02
-7.187500000000000000e+02 3.391309573032599722e+00 1.539305593049892309e+02
-7.109375000000000000e+02 3.613330593228303744e+00 1.530102397813452626e+02
-7.031250000000000000e+02 3.867961004952233495e+00 1.520190085539123288e+02
-6.953125000000000000e+02 4.163240882524628539e+00 1.509487058268505564e+02
-6.875000000000000000e+02 4.510114191223324909e+00 1.497899941989611250e+02
-6.796875000000000000e+02 4.923864845785055344e+00 1.485321696761947976e+02
-6.718750000000000000e+02 5.426493881246257089e+00 1.471629457764932170e+02
-6.640625000000000000e+02 6.050842826746022141e+00 1.456682110479639221e+02
-6.562500000000000000e+02 6.848163573470381849e+00 1.440317639013124165e+02
-6.484375000000000000e+02 7.903029956499822539e+00 1.422350350276632014e+02
-6.406250000000000000e+02 9.365480471170176457e+00 1.402568184709510604e+02
-6.328125000000000000e+02 1.152912097354909093e+01 1.380730500119136934e+02
-6.250000000000000000e+02 1.505574222690378683e+01 1.356566990398802091e+02
-6.171875000000000000e+02 2.181266762717849517e+01 1.329778811257939140e+02
-6.093750000000000000e+02 3.989716051827940646e+01 1.300043557597664972e+02
-6.015625000000000000e+02 2.393954512817196587e+02 1.267026455046857478e+02
-5.937500000000000000e+02 6.005165947927927306e+01 -5.695991415684277115e+01
-5.859375000000000000e+02 2.690224043084117866e+01 -6.101184790584317597e+01
-5.781250000000000000e+02 1.753812044708365647e+01 -6.547266456551209046e+01
-5.703125000000000000e+02 1.320855513078870125e+01 -7.034646200248764103e+01
-5.625000000000000000e+02 1.079444888449437556e+01 -7.561468589565728848e+01
-5.546875000000000000e+02 9.333858475850732361e+00 -8.122967606066428914e+01
-5.468750000000000000e+02 8.436953341338357504e+00 -8.711155092207438599e+01
-5.390625000000000000e+02 7.920610933809263621e+00 -9.315108538985543873e+01
-5.312500000000000000e+02 7.692864042873053698e+00 -9.921977366963346867e+01
-5.234375000000000000e+02 7.709348561836931957e+00 -1.051854005572042325e+02
-5.156250000000000000e+02 7.956024420199297786e+00 -1.109287393758542208e+02
-5.078125000000000000e+02 8.444091820731449261e+00 -1.163563985758100046e+02
-5.000000000000000000e+02 9.213138975693993871e+00 -1.214068191452177672e+02
-4.921875000000000000e+02 1.034381269572887518e+01 -1.260494792141106899e+02
-4.843750000000000000e+02 1.198783603170107703e+01 -1.302795407464640220e+02
-4.765625000000000000e+02 1.443908669691682434e+01 -1.341106876839356232e+02
-4.687500000000000000e+02 1.832246949952972415e+01 -1.375682299093704728e+02
-4.609375000000000000e+02 2.520730026005547586e+01 -1.406835351675276229e+02
-4.531250000000000000e+02 4.041316050909463797e+01 -1.434900522082879490e+02
-4.453125000000000000e+02 1.005765008287967675e+02 -1.460207485514221162e+02
-4.375000000000000000e+02 2.156615505524899561e+02 3.169337097593772157e+01
-4.296875000000000000e+02 5.282194332942129478e+01 2.962399813106162227e+01
-4.218750000000000000e+02 3.039253384137710157e+01 2.774577683649488336e+01
-4.140625000000000000e+02 2.149184794395004872e+01 2.603627468629177244e+01
-4.062500000000000000e+02 1.672216961789781209e+01 2.447580038624591481e+01
-3.984375000000000000e+02 1.375229282303576817e+01 2.304714925095902345e+01
-3.906250000000000000e+02 1.172681419512551315e+01 2.173532593029111126e+01
-3.828125000000000000e+02 1.025799771340485300e+01 2.052727206655614367e+01
-3.750000000000000000e+02 9.144676237458655876e+00 1.941161317559812005e+01
-3.671875000000000000e+02 8.272128406148253177e+00 1.837843099354268261e+01
-3.593750000000000000e+02 7.570173804722678312e+00 1.741906290138900104e+01
-3.515625000000000000e+02 6.993484043380014725e+00 1.652592752891303718e+01
-3.437500000000000000e+02 6.511485948727433026e+00 1.569237440284751806e+01
-3.359375000000000000e+02 6.102815202372215531e+00 1.491255500993348271e+01
-3.281250000000000000e+02 5.752095518105253547e+00 1.418131256644202942e+01
-3.203125000000000000e+02 5.447980407197128727e+00 1.349408792369444932e+01
-3.125000000000000000e+02 5.181915722264941238e+00 1.284683927938363901e+01
-3.046875000000000000e+02 4.947331488973546243e+00 1.223597363967163787e+01
-2.968750000000000000e+02 4.739098865626120372e+00 1.165828825183800532e+01
-2.890625000000000000e+02 4.553156075706395356e+00 1.111092048321955694e+01
-2.812500000000000000e+02 4.386245035973687756e+00 1.059130485107957398e+01
-2.734375000000000000e+02 4.235722285623285011e+00 1.009713610817406249e+01
-2.656250000000000000e+02 4.099420877677198760e+00 9.626337460572893079e+00
-2.578125000000000000e+02 3.975547908221282345e+00 9.177033140626914332e+00
-2.500000000000000000e+02 3.862607405892737766e+00 8.747524681193191043e+00
-2.421875000000000000e+02 3.759341555611011021e+00 8.336270341203601220e+00
-2.343750000000000000e+02 3.664685369319256036e+00 7.941867219397086508e+00
-2.265625000000000000e+02 3.577731350008523492e+00 7.563035666035726301e+00
-2.187500000000000000e+02 3.497701672731762468e+00 7.198605663006937050e+00
-2.109375000000000000e+02 3.423926083349670968e+00 6.847504893810259397e+00
-2.031250000000000000e+02 3.355824191524191757e+00 6.508748267398581255e+00
-1.953125000000000000e+02 3.292891173345706690e+00 6.181428695496548720e+00
-1.875000000000000000e+02 3.234686143322835772e+00 5.864708953079850851e+00
-1.796875000000000000e+02 3.180822633691490431e+00 5.557814476470174903e+00
-1.718750000000000000e+02 3.130960750408924298e+00 5.260026975130021043e+00
-1.640625000000000000e+02 3.084800673066800503e+00 4.970678750509355481e+00
-1.562500000000000000e+02 3.042077239506987052e+00 4.689147630809316070e+00
-1.484375000000000000e+02 3.002555411726883783e+00 4.414852442878409278e+00
-1.406250000000000000e+02 2.966026462321272206e+00 4.147248953441637020e+00
-1.328125000000000000e+02 2.932304753586199908e+00 3.885826220964722300e+00
-1.250000000000000000e+02 2.901225006954196051e+00 3.630103307129478374e+00
-1.171875000000000000e+02 2.872639980388183023e+00 3.379626303745243199e+00
-1.093750000000000000e+02 2.846418487093141714e+00 3.133965636294368196e+00
-1.015625000000000000e+02 2.822443701355358492e+00 2.892713610404272995e+00
-9.375000000000000000e+01 2.800611707269042405e+00 2.655482171409959236e+00
-8.593750000000000000e+01 2.780830254073999530e+00 2.421900851001568711e+00
-7.812500000000000000e+01 2.763017688273598615e+00 2.191614877664469496e+00
-7.031250000000000000e+01 2.747102037939028296e+00 1.964283430476434056e+00
-6.250000000000000000e+01 2.733020228877142799e+00 1.739578017829776391e+00
-5.468750000000000000e+01 2.720717415870189004e+00 1.517180964693224388e+00
-4.687500000000000000e+01 2.710146415116207574e+00 1.296783993605172602e+00
-3.906250000000000000e+01 2.701267226443171854e+00 1.078086885839492526e+00
-3.125000000000000000e+01 2.694046635928397659e+00 8.607962105527876551e-01
-2.343750000000000000e+01 2.688457891326874627e+00 6.446241104527596910e-01
-1.562500000000000000e+01 2.684480444219989881e+00 4.292871334844310938e-01
-7.812500000000000000e+00 2.682099754138712822e+00 2.145051005636388342e-01
